9
16
22
23
24
28
38
74
87
90
92
95
107
109
112
113
121
144
150
155
165
167
178
197
208
212
221
224
231
236
258
271
272
279
280
286
296
337
346
347
352
354
369
376
389
392
395
408
415
428
445
452
460
487
494
496
510
522
524
533
568
581
594
615
642
656
661
676
683
690
703
715
722
755
756
760
768
769
771
787
791
793
808
809
812
829
831
833
834
840
843
850
852
861
869
889
896
910
925
939
941
962
965
972
994
1028
1031
1053
1061
1079
1086
1100
1106
1108
1120
1131
1162
1173
1183
1199
1203
1213
1236
1241
1261
1264
1270
1297
1298
1308
1312
1317
1318
1337
1357
1368
1375
1388
1423
1436
1437
1441
1446
1469
1471
1490
1497
1499
1512
1524
1546
1547
1554
1563
1571
1578
1582
1589
1615
1629
1655
1657
1664
1673
1675
1679
1721
1730
1748
1815
1830
1837
1853
1860
1864
1879
1908
1911
1912
1931
1935
1938
1946
1961
1988
1990
1999
2027
2042
2043
2052
2060
2070
2081
2094
2126
2130
2140
2143
2151
2153
2154
2160
2161
2162
2164
2170
2179
2188
2200
2212
2226
2230
2246
2247
2251
2253
2260
2266
2268
2306
2307
2327
2328
2335
2340
2350
2352
2360
2366
2373
2384
2400
2402
2407
2416
2419
2421
2423
2426
2433
2443
2454
2486
2496
2497
2498
2551
2555
2557
2562
2567
2573
2579
2586
2597
2600
2625
2637
2673
2676
2682
2718
2721
2733
2764
2779
2793
2795
2815
2819
2824
2826
2832
2848
2851
2886
2890
2899
2907
2912
2918
2930
2939
2942
2943
2947
2952
2964
2965
2973
2978
2980
2986
2995
2997
3001
3006
3016
3030
3039
3043
3054
3059
3092
3128
3140
3145
3162
3164
3168
3196
3207
3236
3243
3252
3259
3260
3274
3279
3287
3290
3293
3295
3300
3301
3318
3340
3346
3350
3357
3377
3384
3387
3396
3399
3405
3409
3411
3416
3422
3425
3430
3436
3446
3462
3464
3467
3494
3497
3502
3507
3508
3527
3530
3534
3549
3550
3551
3558
3564
3594
3613
3614
3623
3624
3631
3642
3644
3665
3687
3689
3695
3704
3720
3725
3737
3741
3753
3786
3787
3789
3796
3800
3801
3824
3846
3850
3852
3853
3856
3882
3904
3917
3918
3926
3946
3965
3980
4011
4015
4024
4039
4055
4072
4074
4084
4092
4093
4106
4108
4109
4128
4153
4155
4156
4161
4175
4192
4216
4232
4243
4265
4277
4299
4304
4331
4361
4373
4375
4413
4421
4443
4453
4457
4460
4467
4474
4475
4482
4514
4519
4527
4538
4539
4549
4551
4552
4572
4573
4578
4590
4604
4608
4610
4615
4617
4637
4650
4652
4659
4685
4690
4693
4736
4738
4746
4766
4767
4774
4779
4799
4800
4814
4815
4822
4854
4858
4859
4873
4889
4900
4904
4915
4927
4929
4931
4932
4935
4939
4961
4962
4964
4969
4981
4982
4997
4998
5042
5043
5057
5061
5081
5097
5107
5110
5112
5152
5156
5177
5183
5184
5187
5191
5205
5208
5210
5222
5235
5241
5245
5250
5271
5279
5280
5297
5334
5337
5354
5356
5360
5365
5372
5373
5388
5395
5399
5426
5438
5441
5450
5452
5453
5468
5469
5472
5479
5484
5489
5533
5541
5543
5550
5555
5559
5572
5591
5604
5610
5613
5614
5631
5635
5640
5642
5655
5668
5686
5703
5718
5724
5744
5755
5759
5777
5783
5797
5801
5803
5833
5834
5835
5843
5858
5877
5889
5905
5910
5913
5916
5923
5929
5940
5960
5970
5975
5981
5985
5991
5999
6008
6039
6041
6043
6067
6070
6089
6092
6094
6095
6100
6109
6124
6132
6163
6164
6165
6174
6175
6198
6211
6219
6222
6223
6245
6249
6255
6262
6291
6302
6320
6339
6351
6353
6354
6360
6361
6378
6405
6419
6444
6445
6447
6456
6467
6468
6471
6473
6474
6489
6503
6512
6518
6579
6595
6611
6650
6656
6666
6682
6684
6685
6693
6699
6700
6702
6714
6715
6734
6754
6773
6774
6787
6788
6804
6806
6813
6821
6827
6835
6839
6852
6862
6873
6896
6914
6939
6940
6942
6944
6966
6971
6995
7009
7020
7029
7036
7038
7053
7070
7079
7088
7100
7101
7108
7109
7110
7114
7122
7125
7132
7133
7137
7138
7152
7169
7174
7209
7215
7231
7241
7262
7263
7270
7274
7282
7285
7289
7294
7296
7297
7298
7304
7320
7333
7338
7339
7344
7347
7359
7368
7369
7383
7384
7393
7398
7399
7415
7419
7424
7426
7427
7428
7442
7462
7476
7478
7488
7490
7501
7504
7506
7511
7514
7527
7538
7540
7548
7549
7589
7593
7606
7620
7622
7628
7632
7633
7639
7643
7653
7655
7660
7666
7667
7668
7672
7675
7686
7695
7703
7709
7720
7724
7727
7736
7743
7759
7771
7792
7802
7809
7814
7817
7819
7829
7835
7841
7853
7854
7876
7884
7911
7926
7929
7947
7955
7957
7959
7972
7976
7979
8001
8002
8006
8016
8022
8031
8032
8039
8047
8062
8063
8080
8087
8096
8099
8105
8108
8130
8134
8139
8144
8146
8151
8159
8165
8171
8175
8197
8203
8226
8235
8239
8240
8243
8250
8252
8260
8264
8285
8297
8315
8316
8332
8337
8339
8349
8353
8370
8371
8377
8378
8380
8385
8406
8410
8411
8441
8457
8484
8487
8491
8498
8501
8506
8526
8529
8537
8539
8552
8556
8585
8588
8598
8604
8612
8630
8661
8668
8671
8675
8680
8684
8685
8697
8702
8713
8721
8722
8736
8743
8744
8746
8749
8750
8775
8782
8791
8794
8802
8807
8814
8835
8836
8853
8887
8891
8899
8915
8936
8968
8972
8989
9009
9017
9027
9033
9034
9040
9051
9053
9069
9072
9081
9095
9104
9106
9116
9124
9126
9138
9141
9153
9155
9201
9204
9206
9217
9219
9228
9230
9265
9284
9287
9288
9290
9308
9318
9346
9352
9386
9393
9394
9403
9405
9412
9420
9422
9435
9441
9447
9458
9464
9480
9492
9552
9562
9580
9585
9592
9602
9614
9628
9629
9630
9632
9633
9643
9649
9662
9667
9669
9671
9688
9711
9717
9718
9761
9762
9767
9774
9775
9781
9791
9795
9799
9822
9839
9864
9867
9879
9883
9884
9892
9894
9895
9897
9910
9914
9920
9929
9932
9967
9973
9976
9978
9984
9985
9997
9998
10022
10043
10050
10062
10069
10084
10096
10109
10115
10119
10125
10146
10149
10151
10178
10185
10203
10206
10224
10253
10262
10274
10280
10282
10289
10299
10305
10309
10312
10321
10327
10348
10355
10370
10374
10376
10380
10422
10430
10431
10436
10448
10449
10450
10503
10504
10519
10523
10532
10541
10543
10546
10550
10556
10558
10567
10592
10609
10611
10617
10620
10621
10653
10659
10663
10669
10678
10714
10715
10723
10727
10735
10756
10794
10803
10809
10824
10845
10846
10870
10872
10874
10875
10882
10883
10884
10887
10892
10909
10915
10918
10919
10929
10938
10939
10960
10965
10976
10982
11008
11021
11032
11037
11040
11051
11054
11058
11072
11074
11109
11125
11132
11135
11142
11163
11166
11169
11174
11180
11192
11198
11199
11219
11223
11247
11248
11257
11277
11286
11287
11318
11325
11330
11334
11343
11350
11354
11360
11373
11376
11380
11392
11395
11397
11402
11404
11410
11420
11422
11424
11427
11429
11469
11470
11475
11493
11501
11512
11523
11529
11548
11567
11574
11580
11583
11589
11620
11622
11629
11631
11637
11639
11641
11645
11664
11679
11681
11691
11696
11697
11699
11705
11721
11725
11727
11754
11755
11757
11763
11772
11781
11786
11790
11806
11833
11855
11871
11875
11877
11882
11887
11894
11900
11901
11922
11925
11936
11947
11948
11974
12001
12002
12009
12028
12032
12036
12037
12043
12048
12055
12058
12090
12091
12093
12097
12099
12103
12107
12113
12119
12130
12138
12144
12145
12155
12161
12172
12179
12195
12196
12199
12213
12227
12234
12240
12260
12264
12266
12276
12287
12299
12317
12322
12374
12384
12418
12420
12423
12427
12452
12486
12487
12488
12492
12496
12510
12511
12527
12528
12545
12565
12568
12571
12579
12581
12583
12584
12605
12633
12636
12640
12671
12677
12687
12694
12695
12713
12721
12732
12737
12763
12789
12809
12816
12828
12829
12840
12853
12865
12872
12878
12901
12913
12934
12943
12952
12977
12982
12988
12992
12993
12994
13000
13005
13018
13020
13039
13040
13044
13051
13068
13086
13121
13130
13135
13137
13149
13152
13153
13195
13216
13228
13259
13263
13265
13273
13275
13276
13301
13302
13306
13323
13326
13332
13338
13346
13356
13361
13372
13379
13384
13385
13394
13397
13400
13405
13418
13424
13425
13430
13450
13463
13474
13476
13478
13479
13507
13521
13541
13572
13575
13590
13599
13624
13633
13637
13645
13659
13660
13675
13699
13708
13714
13716
13721
13762
13772
13779
13788
13795
13806
13836
13847
13855
13864
13865
13880
13895
13899
13903
13905
13907
13923
13927
13956
13965
13972
13975
13983
14028
14047
14049
14091
14093
14098
14103
14118
14122
14130
14137
14147
14151
14153
14160
14163
14167
14172
14174
14177
14186
14195
14209
14211
14212
14250
14271
14272
14275
14278
14279
14283
14293
14307
14324
14345
14371
14402
14424
14472
14475
14480
14508
14513
14517
14521
14529
14531
14535
14549
14563
14580
14591
14601
14621
14627
14634
14669
14678
14687
14691
14709
14716
14748
14752
14776
14779
14788
14790
14806
14814
14815
14816
14821
14830
14840
14854
14870
14872
14880
14896
14919
14922
14927
14933
14965
14977
14984
14987
14994
14998
15007
15028
15033
15036
15037
15038
15046
15047
15055
15059
15063
15066
15092
15094
15098
15116
15124
15137
15157
15162
15165
15174
15185
15187
15227
15240
15284
15294
15311
15313
15314
15321
15340
15344
15362
15365
15373
15376
15390
15418
15439
15468
15486
15506
15511
15524
15529
15535
15546
15554
15557
15562
15574
15586
15593
15606
15610
15615
15618
15643
15657
15664
15728
15733
15744
15770
15772
15777
15782
15783
15814
15817
15864
15874
15889
15890
15891
15903
15905
15908
15912
15925
15929
15932
15938
15951
15953
15965
15978
15982
15987
15992
15997
16000
16012
16017
16020
16030
16031
16084
16086
16099
16106
16113
16118
16122
16128
16142
16145
16146
16155
16172
16174
16200
16203
16207
16208
16221
16223
16228
16229
16239
16249
16250
16262
16267
16268
16315
16340
16346
16365
16371
16373
16376
16386
16395
16412
16428
16444
16449
16450
16453
16476
16479
16502
16514
16534
16541
16553
16555
16569
16577
16579
16581
16588
16609
16610
16621
16626
16630
16639
16640
16655
16657
16660
16678
16681
16690
16692
16702
16704
16706
16711
16712
16735
16751
16764
16765
16796
16810
16816
16818
16834
16839
16847
16849
16870
16882
16884
16900
16907
16908
16936
16938
16947
16950
16954
16955
16968
16969
16972
16975
16978
17001
17012
17018
17029
17044
17051
17056
17084
17085
17090
17094
17098
17112
17130
17134
17137
17138
17155
17156
17163
17169
17180
17181
17182
17185
17195
17200
17229
17255
17262
17269
17272
17278
17279
17311
17313
17320
17322
17328
17332
17347
17356
17359
17370
17376
17394
17403
17415
17418
17428
17451
17452
17470
17472
17492
17507
17522
17528
17533
17544
17561
17578
17586
17603
17605
17622
17623
17638
17640
17645
17663
17691
17701
17706
17732
17735
17744
17747
17757
17766
17778
17783
17816
17817
17831
17845
17896
17905
17910
17917
17931
17942
17945
17947
17950
17959
17965
17978
17985
18001
18003
18010
18015
18021
18029
18037
18041
18060
18068
18085
18088
18106
18128
18130
18139
18153
18172
18176
18182
18188
18194
18210
18223
18224
18225
18226
18230
18241
18249
18255
18262
18265
18288
18299
18320
18332
18335
18345
18350
18351
18357
18359
18361
18364
18377
18384
18397
18402
18404
18409
18413
18415
18431
18440
18458
18462
18466
18468
18490
18492
18494
18502
18504
18508
18512
18517
18521
18537
18545
18551
18552
18571
18578
18588
18598
18615
18625
18645
18649
18653
18655
18657
18669
18672
18679
18691
18692
18694
18703
18706
18710
18715
18728
18758
18771
18772
18780
18786
18791
18802
18807
18833
18836
18839
18844
18858
18886
18899
18909
18933
18936
18969
18973
18987
18992
19007
19046
19058
19059
19074
19107
19117
19125
19144
19149
19153
19156
19161
19175
19177
19181
19189
19193
19204
19225
19239
19242
19245
19249
19250
19251
19269
19274
19286
19292
19307
19308
19310
19315
19336
19344
19367
19368
19375
19396
19397
19413
19428
19429
19440
19443
19453
19457
19473
19485
19494
19518
19538
19541
19561
19564
19571
19574
19586
19605
19606
19613
19620
19621
19627
19631
19647
19663
19668
19674
19677
19691
19695
19701
19704
19707
19714
19727
19729
19732
19748
19755
19764
19767
19796
19797
19799
19806
19822
19849
19868
19881
19886
19893
19909
19911
19916
19918
19922
19927
19945
19959
19963
19964
19990
20005
20011
20017
20026
20028
20029
20039
20060
20077
20097
20108
20112
20117
20120
20124
20143
20152
20153
20161
20180
20187
20195
20196
20225
20245
20260
20265
20313
20325
20344
20345
20347
20349
20355
20374
20384
20385
20388
20397
20398
20409
20428
20434
20443
20466
20485
20502
20508
20514
20519
20521
20540
20541
20552
20564
20570
20579
20628
20636
20660
20661
20662
20666
20673
20675
20683
20684
20689
20698
20729
20733
20735
20737
20748
20754
20756
20762
20763
20783
20784
20790
20795
20797
20807
20811
20813
20818
20824
20844
20848
20858
20862
20863
20864
20866
20875
20877
20880
20892
20909
20920
20921
20923
20932
20941
20958
20959
20962
20966
20973
21016
21019
21029
21041
21069
21072
21078
21082
21084
21095
21109
21117
21123
21129
21133
21134
21156
21171
21176
21197
21236
21239
21243
21258
21260
21270
21288
21305
21321
21325
21331
21335
21339
21343
21356
21359
21389
21418
21423
21424
21441
21454
21456
21466
21477
21485
21497
21508
21516
21520
21522
21523
21524
21528
21530
21533
21543
21545
21557
21559
21560
21566
21574
21578
21591
21592
21595
21601
21613
21616
21631
21644
21647
21656
21660
21673
21679
21691
21698
21722
21736
21742
21743
21769
21786
21821
21844
21854
21864
21878
21897
21903
21909
21914
21918
21928
21933
21934
21938
21939
21958
21980
22011
22029
22042
22048
22061
22063
22080
22083
22086
22100
22101
22117
22123
22129
22133
22152
22153
22163
22180
22186
22189
22198
22201
22205
22206
22208
22216
22230
22234
22257
22263
22289
22290
22297
22307
22341
22342
22348
22350
22365
22373
22380
22397
22399
22406
22411
22412
22414
22420
22427
22439
22448
22456
22460
22466
22473
22477
22481
22489
22490
22491
22507
22513
22521
22524
22576
22580
22584
22585
22593
22621
22630
22656
22664
22670
22672
22706
22708
22714
22715
22719
22721
22734
22784
22789
22820
22830
22834
22840
22855
22858
22861
22892
22896
22928
22936
22946
22984
23006
23011
23013
23053
23064
23068
23090
23099
23101
23120
23126
23132
23133
23151
23162
23192
23195
23214
23215
23223
23245
23258
23259
23260
23272
23273
23275
23301
23312
23313
23341
23347
23350
23353
23390
23393
23405
23414
23420
23425
23428
23429
23460
23488
23494
23507
23517
23527
23531
23538
23541
23543
23546
23548
23566
23571
23590
23616
23617
23619
23621
23624
23653
23658
23659
23662
23676
23711
23744
23768
23791
23807
23830
23847
23855
23859
23860
23861
23872
23889
23890
23894
23895
23906
23907
23915
23920
23929
23941
23958
23961
23972
23977
23978
23981
23991
23999
24004
24005
24014
24018
24022
24029
24034
24041
24051
24053
24055
24070
24114
24118
24127
24141
24160
24172
24201
24220
24250
24271
24284
24290
24301
24304
24318
24319
24321
24326
24329
24331
24341
24350
24356
24369
24371
24376
24390
24392
24451
24462
24463
24468
24471
24474
24478
24480
24483
24486
24536
24549
24573
24574
24575
24577
24580
24584
24603
24607
24630
24632
24634
24644
24656
24658
24668
24673
24674
24676
24690
24693
24694
24711
24740
24743
24758
24762
24764
24768
24786
24790
24804
24808
24843
24860
24863
24870
24876
24878
24883
24902
24904
24910
24922
24933
24953
24959
24962
24984
